2.5103074e-07
2.5103083e-07
2.5103074e-07
2.5103077e-07
2.5103083e-07
2.5103077e-07
2.510308e-07
2.510307e-07
2.5103043e-07
2.5103057e-07
2.510302e-07
2.5103043e-07
2.510305e-07
2.5103049e-07
2.5103043e-07
2.510306e-07
2.5103063e-07
2.5103077e-07
2.5103046e-07
2.5103014e-07
2.510303e-07
2.5103014e-07
2.5103108e-07
2.5103057e-07
2.510307e-07
2.510302e-07
2.510305e-07
2.510302e-07
2.5103034e-07
2.5103088e-07
2.5103054e-07
2.5103043e-07
2.5103026e-07
2.5103031e-07
2.5103066e-07
2.5103074e-07
2.5103074e-07
2.5103049e-07
2.5103057e-07
2.5103077e-07
2.5103057e-07
2.5103068e-07
2.5103049e-07
2.510308e-07
2.510308e-07
2.5103034e-07
2.5103049e-07
2.5103066e-07
2.5103037e-07
2.510307e-07
2.510312e-07
2.5102995e-07
2.5103006e-07
2.5103066e-07
2.5103074e-07
2.5103049e-07
2.5103043e-07
2.51031e-07
2.5103e-07
2.5103066e-07
2.5103049e-07
2.5103043e-07
2.5103057e-07
2.5103088e-07
2.5103085e-07
2.5103006e-07
2.5103034e-07
2.5103037e-07
2.510312e-07
2.5103031e-07
2.510297e-07
2.5103068e-07
2.51031e-07
2.5103e-07
2.5103068e-07
2.5103066e-07
2.510309e-07
2.510303e-07
2.510306e-07
2.510304e-07
2.5103049e-07
2.5103003e-07
2.510304e-07
2.5103057e-07
2.5103083e-07
2.510309e-07
2.5103063e-07
2.5103085e-07
2.510306e-07
2.510302e-07
2.510308e-07
2.5103034e-07
2.510301e-07
2.5103054e-07
2.510305e-07
2.5103023e-07
2.5103043e-07
2.5103066e-07
2.5103117e-07
2.5103088e-07
2.5103049e-07
2.5103046e-07
2.510305e-07
2.5103031e-07
2.5103063e-07
2.5103085e-07
2.5103094e-07
2.510303e-07
2.5103068e-07
2.5103026e-07
2.5103017e-07
2.510303e-07
2.5102997e-07
2.5103037e-07
2.5103049e-07
2.510302e-07
2.5103054e-07
2.5103012e-07
2.5103014e-07
2.5103066e-07
2.5102992e-07
2.510306e-07
2.510305e-07
2.5102972e-07
2.5103e-07
2.5103037e-07
2.5103026e-07
2.5103012e-07
2.5103031e-07
2.5103077e-07
2.5103031e-07
2.5103034e-07
2.5103034e-07
2.5103054e-07
2.510305e-07
2.5103057e-07
2.51031e-07
2.510308e-07
2.5103088e-07
2.5103077e-07
2.510302e-07
2.5103037e-07
2.510303e-07
2.5103017e-07
2.5103046e-07
2.5103085e-07
2.5103054e-07
2.5102992e-07
2.510308e-07
2.5103046e-07
2.510308e-07
2.510305e-07
2.510309e-07
2.5103003e-07
2.5103023e-07
2.510306e-07
2.5103031e-07
2.5103043e-07
2.5103006e-07
2.5103063e-07
2.510302e-07
2.510302e-07
2.5103097e-07
2.5103037e-07
2.5103046e-07
2.5103043e-07
2.5103043e-07
2.5103049e-07
2.5103085e-07
2.5103006e-07
2.5103046e-07
2.5103049e-07
2.5102997e-07
2.5103031e-07
2.5103e-07
2.5103031e-07
2.5103046e-07
2.5103006e-07
2.510299e-07
2.5103034e-07
2.5103034e-07
2.510302e-07
2.5102986e-07
2.5103026e-07
2.510303e-07
2.510303e-07
2.5103043e-07
2.5103057e-07
2.5103043e-07
2.510299e-07
2.510306e-07
2.5103049e-07
2.5103034e-07
2.510306e-07
2.5103057e-07
2.5103026e-07
2.510305e-07
2.5103026e-07
2.5103026e-07
2.5103034e-07
2.5103046e-07
2.510306e-07
2.5103014e-07
2.510303e-07
2.5103014e-07
2.5103077e-07
2.5103031e-07
2.5103026e-07
2.5103068e-07
2.5102983e-07
2.5103046e-07
2.5103049e-07
2.5103049e-07
2.5103006e-07
2.5103026e-07
2.510308e-07
2.5103031e-07
2.5103023e-07
2.51031e-07
2.5103046e-07
2.5102966e-07
2.5103014e-07
2.510305e-07
2.5102986e-07
2.5102986e-07
2.5103063e-07
2.5103057e-07
2.5103063e-07
2.510306e-07
2.5103049e-07
2.5103e-07
2.510303e-07
2.5103034e-07
2.5102955e-07
2.5103085e-07
2.510306e-07
2.5103017e-07
2.5103017e-07
2.510307e-07
2.5103122e-07
2.5103017e-07
2.5103068e-07
2.510303e-07
2.510303e-07
2.5103074e-07
2.5103003e-07
2.5103054e-07
2.510305e-07
2.5103057e-07
2.5103034e-07
2.5102966e-07
2.5103043e-07
2.5103103e-07
2.5103063e-07
2.5103003e-07
2.5103003e-07
2.510306e-07
2.5103074e-07
2.5103046e-07
2.510298e-07
2.5103057e-07
2.5102997e-07
2.5103031e-07
2.510303e-07
2.5102995e-07
2.5103023e-07
2.5103049e-07
2.5103031e-07
2.5103105e-07
2.5103057e-07
2.5102992e-07
2.5103017e-07
2.5103049e-07
2.5103026e-07
2.5102997e-07
2.5103094e-07
2.5103026e-07
2.5103e-07
2.510298e-07
2.5102997e-07
2.5103068e-07
2.5103068e-07
2.5103063e-07
2.5103034e-07
2.5103034e-07
2.510302e-07
2.5102977e-07
2.510308e-07
2.5103031e-07
2.510302e-07
2.5102997e-07
2.5103049e-07
2.5103017e-07
2.5103063e-07
2.5103006e-07
2.5103037e-07
2.510303e-07
2.510301e-07
2.510307e-07
2.510308e-07
2.5103066e-07
2.5103074e-07
2.5103057e-07
2.5103066e-07
2.510307e-07
2.5102975e-07
2.5103043e-07
2.5103023e-07
2.5103043e-07
2.5103074e-07
2.5103103e-07
2.510305e-07
2.5103031e-07
2.510309e-07
2.5103108e-07
2.5103031e-07
2.510303e-07
2.5103105e-07
2.5103012e-07
2.510308e-07
2.5103114e-07
2.5103014e-07
2.510314e-07
2.5103054e-07
2.5103012e-07
2.5103026e-07
2.5103014e-07
2.5103006e-07
2.5103017e-07
2.5103057e-07
2.5103063e-07
2.5103e-07
2.5103037e-07
2.5103034e-07
2.510303e-07
2.510302e-07
2.5102983e-07
2.5103054e-07
2.51031e-07
2.510305e-07
2.5103049e-07
2.510302e-07
2.5103026e-07
2.5103074e-07
2.5103034e-07
2.5103034e-07
2.5102986e-07
2.510307e-07
2.5103049e-07
2.5103037e-07
2.5103037e-07
2.5103017e-07
2.5103014e-07
2.5103043e-07
2.5103037e-07
2.510307e-07
2.5103049e-07
2.5103023e-07
2.5103006e-07
2.5103074e-07
2.5103049e-07
2.5103083e-07
2.5103046e-07
2.5103066e-07
2.510306e-07
2.5103014e-07
2.5103026e-07
2.5103049e-07
2.5103006e-07
2.5103037e-07
2.5103068e-07
2.510304e-07
2.5102972e-07
2.510302e-07
2.510309e-07
2.510306e-07
2.510308e-07
2.5102983e-07
2.5103037e-07
2.5102997e-07
2.510306e-07
2.5103083e-07
2.5103054e-07
2.5103049e-07
2.5103057e-07
2.5103077e-07
2.5103031e-07
2.5102997e-07
2.510305e-07
2.5103094e-07
2.510304e-07
2.5103014e-07
2.5103049e-07
2.5103031e-07
2.510303e-07
2.5103e-07
2.5103063e-07
2.510299e-07
2.510297e-07
2.5103049e-07
2.510303e-07
2.5103046e-07
2.5103037e-07
2.5103074e-07
2.5103057e-07
2.5102997e-07
2.510303e-07
2.5103049e-07
2.5103054e-07
2.5102977e-07
2.5102975e-07
2.5103006e-07
2.510299e-07
2.5103057e-07
2.5103017e-07
2.5103063e-07
2.510304e-07
2.5103014e-07
2.5103e-07
2.5103043e-07
2.5103057e-07
2.5103057e-07
2.5103043e-07
2.5103026e-07
2.5102983e-07
2.5102992e-07
2.5103031e-07
2.510305e-07
2.5103077e-07
2.510315e-07
2.5102975e-07
2.5103037e-07
2.5103063e-07
2.5102992e-07
2.510305e-07
2.510312e-07
2.5103043e-07
2.5102958e-07
2.5103026e-07
2.5103017e-07
2.5103043e-07
2.5103037e-07
2.5103077e-07
2.5103026e-07
2.5103085e-07
2.5102992e-07
2.5103034e-07
2.5103012e-07
2.5103074e-07
2.5103046e-07
2.5103057e-07
2.5103014e-07
2.510303e-07
2.5103057e-07
2.5103077e-07
2.5103049e-07
2.5103063e-07
2.5103077e-07
2.5102997e-07
2.5103037e-07
2.5103077e-07
2.5103026e-07
2.5102972e-07
2.510308e-07
2.5103012e-07
2.5103074e-07
2.5103037e-07
2.5103074e-07
2.5103057e-07
2.5103043e-07
2.5103046e-07
2.5103003e-07
2.5103085e-07
2.5103034e-07
2.5103017e-07
2.5103057e-07
2.5103034e-07
2.5103034e-07
2.5103046e-07
2.5103034e-07
2.5103077e-07
2.5103057e-07
2.510306e-07
2.5103077e-07
2.5103026e-07
2.510306e-07
2.5103037e-07
2.5103012e-07
2.5103031e-07
2.510306e-07
2.5103068e-07
2.510303e-07
2.5103003e-07
2.5103012e-07
2.5103085e-07
2.5103037e-07
2.510304e-07
2.5103057e-07
2.5103046e-07
2.5103043e-07
2.5103057e-07
2.510306e-07
2.5103063e-07
2.510305e-07
2.5103085e-07
2.5102986e-07
2.510308e-07
2.5103034e-07
2.510309e-07
2.510306e-07
2.510301e-07
2.5103057e-07
2.510306e-07
2.5103003e-07
2.5103031e-07
2.5103031e-07
2.5103023e-07
2.5103017e-07
2.5103063e-07
2.5103037e-07
2.5103037e-07
2.510306e-07
2.5103023e-07
2.5103046e-07
2.5103057e-07
2.5103017e-07
2.5103049e-07
2.5103049e-07
2.5103074e-07
2.5103077e-07
2.5103026e-07
2.510302e-07
2.5103105e-07
2.510297e-07
2.510302e-07
2.5103074e-07
2.5103031e-07
2.510304e-07
2.5102975e-07
2.5102975e-07
2.5103046e-07
2.5103023e-07
2.5103049e-07
2.5102946e-07
2.5103037e-07
2.5103023e-07
2.5103003e-07
2.5103043e-07
2.5103023e-07
2.5103017e-07
2.5103006e-07
2.510305e-07
2.5103037e-07
2.510303e-07
2.5103017e-07
2.5103054e-07
2.5102995e-07
2.510304e-07
2.5103063e-07
2.5103068e-07
2.510306e-07
2.5103017e-07
2.5102997e-07
2.5103049e-07
2.5103057e-07
2.510308e-07
2.5103088e-07
2.5103034e-07
2.5103037e-07
2.5103031e-07
2.510306e-07
2.510307e-07
2.5103031e-07
2.5103034e-07
2.5103031e-07
2.510306e-07
2.510299e-07
2.5103037e-07
2.5103054e-07
2.510305e-07
2.5103031e-07
2.510306e-07
2.5103017e-07
2.5102977e-07
2.5103014e-07
2.5103017e-07
2.5103037e-07
2.5103023e-07
2.5103034e-07
2.5103054e-07
2.510305e-07
2.5103063e-07
2.5103034e-07
2.5103057e-07
2.5103054e-07
2.5103023e-07
2.5103014e-07
2.5103085e-07
2.510309e-07
2.5103074e-07
2.5103046e-07
2.510302e-07
2.5103037e-07
2.5103003e-07
2.510301e-07
2.5103034e-07
2.510309e-07
2.510311e-07
2.5103026e-07
2.5102966e-07
2.5103014e-07
2.5103012e-07
2.5103068e-07
2.5103017e-07
2.5103012e-07
2.5103006e-07
2.5103003e-07
2.510306e-07
2.510298e-07
2.5103026e-07
2.5103017e-07
2.5103026e-07
2.5102963e-07
2.510311e-07
2.5103063e-07
2.5103049e-07
2.5103003e-07
2.510303e-07
2.5103006e-07
2.5103034e-07
2.5103014e-07
2.510305e-07
2.5103043e-07
2.510305e-07
2.5103023e-07
2.5103034e-07
2.5102972e-07
2.510306e-07
2.5103034e-07
2.5103046e-07
2.5103034e-07
2.5103074e-07
2.5103014e-07
2.5103077e-07
2.5103037e-07
2.5103054e-07
2.5102992e-07
2.5103023e-07
2.510305e-07
2.5103046e-07
2.5103037e-07
2.5103012e-07
2.510306e-07
2.5103066e-07
2.510308e-07
2.5103083e-07
2.510301e-07
2.5103006e-07
2.510305e-07
2.510311e-07
2.5103046e-07
2.5103037e-07
2.5103026e-07
2.5103074e-07
2.5103046e-07
2.5103037e-07
2.510302e-07
2.5103043e-07
2.5103054e-07
2.5103026e-07
2.5103037e-07
2.510305e-07
2.510303e-07
2.510301e-07
2.5103085e-07
2.5103031e-07
2.510307e-07
2.510303e-07
2.5103e-07
2.5102983e-07
2.5103057e-07
2.510303e-07
2.5103083e-07
2.510305e-07
2.5103017e-07
2.5103088e-07
2.5103094e-07
2.5103023e-07
2.5103105e-07
2.5102997e-07
2.5103043e-07
2.5103105e-07
2.510302e-07
2.5103017e-07
2.5103026e-07
2.5103037e-07
2.5103014e-07
2.5103017e-07
2.510305e-07
2.510299e-07
2.5103037e-07
2.510305e-07
2.5103049e-07
2.5103031e-07
2.510305e-07
2.510305e-07
2.510302e-07
2.5103026e-07
2.5103026e-07
2.510302e-07
2.5103049e-07
2.5103046e-07
2.5103077e-07
2.510308e-07
2.5102992e-07
2.5103057e-07
2.5103057e-07
2.5103077e-07
2.510305e-07
2.5103083e-07
2.5102995e-07
2.510302e-07
2.5103014e-07
2.5102992e-07
2.510302e-07
2.5103006e-07
2.5103063e-07
2.5103066e-07
2.5103105e-07
2.5103006e-07
2.5103003e-07
2.5103066e-07
2.5103006e-07
2.5102955e-07
2.5103026e-07
2.510303e-07
2.5103063e-07
2.510302e-07
2.5102958e-07
2.5103083e-07
2.5103014e-07
2.510303e-07
2.5103074e-07
2.510299e-07
2.5102986e-07
2.510303e-07
2.5103043e-07
2.5103006e-07
2.5102972e-07
2.510309e-07
2.510303e-07
2.510299e-07
2.5103043e-07
2.510307e-07
2.5102995e-07
2.5103012e-07
2.5103057e-07
2.5103063e-07
2.5103046e-07
2.5103074e-07
2.5103034e-07
2.5103049e-07
2.510305e-07
2.5103031e-07
2.5103006e-07
2.510301e-07
2.510301e-07
2.510303e-07
2.5103023e-07
2.5103031e-07
2.5103012e-07
2.510303e-07
2.5103031e-07
2.5103031e-07
2.5103046e-07
2.5103066e-07
2.5103017e-07
2.5103063e-07
2.5103049e-07
2.510306e-07
2.510301e-07
2.510306e-07
2.5103031e-07
2.5103066e-07
2.5103085e-07
2.5103063e-07
2.5103057e-07
2.5103077e-07
2.510299e-07
2.510303e-07
2.510303e-07
2.510299e-07
2.5103046e-07
2.510303e-07
2.5103043e-07
2.5103063e-07
2.5103034e-07
2.5103057e-07
2.510308e-07
2.5103017e-07
2.5103037e-07
2.510303e-07
2.5103049e-07
2.5103046e-07
2.5103037e-07
2.5103031e-07
2.5103049e-07
2.510297e-07
2.510302e-07
2.5103003e-07
2.5103063e-07
2.510307e-07
2.5103043e-07
2.5103054e-07
2.510301e-07
2.5103066e-07
2.5103043e-07
2.510305e-07
2.5103077e-07
2.5103012e-07
2.5103034e-07
2.5103068e-07
2.510304e-07
2.5103094e-07
2.510304e-07
2.5103017e-07
2.5103031e-07
2.5103077e-07
2.5103077e-07
2.5103077e-07
2.510306e-07
2.510304e-07
2.5103031e-07
2.510308e-07
2.510302e-07
2.510305e-07
2.5103006e-07
2.5103017e-07
2.5103031e-07
2.5102992e-07
2.5103049e-07
2.5103034e-07
2.510304e-07
2.510302e-07
2.510299e-07
2.5103012e-07
2.5102992e-07
2.510301e-07
2.51031e-07
2.5103e-07
2.510305e-07
2.5103054e-07
2.510304e-07
2.5103026e-07
2.5103e-07
2.5103031e-07
2.5103023e-07
2.5102977e-07
2.5103046e-07
2.5103031e-07
2.5103049e-07
2.5103034e-07
2.510308e-07
2.5103046e-07
2.5103017e-07
2.510307e-07
2.5103034e-07
2.5103049e-07
2.5102972e-07
2.5103074e-07
2.510304e-07
2.5103063e-07
2.5103034e-07
2.510299e-07
2.5103003e-07
2.510305e-07
2.5102983e-07
2.5103083e-07
2.5103031e-07
2.5103046e-07
2.5103031e-07
2.510299e-07
2.5103066e-07
2.5103003e-07
2.5103054e-07
2.5103063e-07
2.5103034e-07
2.5102995e-07
2.5103049e-07
2.5103077e-07
2.5103014e-07
2.5103017e-07
2.5103057e-07
2.510305e-07
2.510304e-07
2.5103031e-07
2.5103046e-07
2.5103054e-07
2.510302e-07
2.5103049e-07
2.5103e-07
2.5103103e-07
2.5103037e-07
2.5103014e-07
2.5103094e-07
2.5103043e-07
2.510307e-07
2.5103054e-07
2.5103063e-07
2.5103006e-07
2.5102983e-07
2.510305e-07
2.510304e-07
2.510304e-07
2.5103023e-07
2.5103006e-07
2.5102986e-07
2.510305e-07
2.5103054e-07
2.510305e-07
2.510302e-07
2.5103031e-07
2.5103023e-07
2.5102992e-07
2.510299e-07
2.5102986e-07
2.5102977e-07
2.5103097e-07
2.510308e-07
2.5103128e-07
2.510306e-07
2.5103049e-07
2.5103097e-07
2.5103037e-07
2.5103026e-07
2.5102955e-07
2.510298e-07
2.5102952e-07
2.5103006e-07
2.5103049e-07
2.5103054e-07
2.5103046e-07
2.5103037e-07
2.510305e-07
2.5103e-07
2.5103063e-07
2.510306e-07
2.5103031e-07
2.5103057e-07
2.510305e-07
2.5103043e-07
2.5103057e-07
2.5103037e-07
2.5103e-07
2.5103046e-07
2.5103063e-07
2.5103037e-07
2.5103057e-07
2.5103017e-07
2.510303e-07
2.5102992e-07
2.5103017e-07
2.5103034e-07
2.5103046e-07
2.5103026e-07
2.5103063e-07
2.5103043e-07
2.5103063e-07
2.5103083e-07
2.5103026e-07
2.5103026e-07
2.510306e-07
2.5103014e-07
2.5103046e-07
2.5103063e-07
2.5103034e-07
2.5103034e-07
2.5103063e-07
2.510307e-07
2.5103049e-07
2.5103097e-07
2.510302e-07
2.510307e-07
2.5103054e-07
2.5103031e-07
2.510302e-07
2.5102995e-07
2.5102997e-07
2.5103057e-07
2.510306e-07
2.5103057e-07
2.510305e-07
2.5103034e-07
2.5103043e-07
2.510307e-07
2.5103006e-07
2.5103057e-07
2.510303e-07
2.5102943e-07
2.5103014e-07
